TILEMAP
36 28 							-- Size of tile map in tiles
16 32 							-- Tile size & block size
images/level2.png 	-- Tilesheet
2 2 								-- Number of tiles in tilesheet
121212121212121212121212121212121212
12                                12
12                                12
12                                12
12                                12
12                                12
12                                12
1212   12121   1   1   121212   1212
12           1 1 1 1 1            12
12                                12
12                                12
12                                12
1212   1111   33   44   11111   1112
12                                12
12                                12
12              111               12
12                                12
1212   111  22       22  1111   1112
12            22   22             12
12             22222              12
12                                12
12                                12
1212   1111111111111111111111   1112
12                                12
12                                12
12                                12
12                                12
121212121212121212121212121212121212
