TILEMAP
36 29 							-- Size of tile map in tiles
16 32 							-- Tile size & block size
images/tile_suelo.png 	-- Tilesheet
3 2 								-- Number of tiles in tilesheet
999999999999999999999999999999999999
252525252525252525252525252525252525
25              2525              25
25              2525              25
25              5252              25
25              2525        k     25
25   252525     2525     252525   25
25     25       2525       25     25
25     25       2525       25     25
25     22 g     2525       25     25
25   252525     2525     252525   25
25     25       2525       25     25
25     25       2525       25     25
25     25       2525       25     25
25   252525     2525     252525   25
25              2525              25
25             h2525              25
2525        252525252525        2525
25                                25
25               t                25
25  2525                   2525   25
25                                25
25                                25
25    p                     d     25
25    25  25  25   25  25  25     25
25                                25
25                                25
25                                25
253636363625252525252525253636363625