TILEMAP
32 24 							-- Size of tile map in tiles
16 32 							-- Tile size & block size
images/tile_suelo.png 	-- Tilesheet
3 2								-- Number of tiles in tilesheet
00000000000000000000000000000000
25252525252525252525252525252525
25                            25
25                            25
25                            25
25                            25
25                            25
25      2525252525252525      25
25            2525            25
25            2525            25
25    25252525252525252525    25
25            2525            25
25            2525            25
25  252525252525252525252525  25
25                            25
25                            25
25  2525                2525  25
25                            25
25                            25
25  25                    25  25
25                            25
25                            25
252525252525        252525252525
25252525252536363636252525252525
